1	0.01	
2	0.01	
3	0.02	
4	0.03	
5	0.02	
6	0.03	
7	0.01	
8	0.02	
9	0.02	
10	0.03	
11	0.03	
12	0.03	
13	0.03	
14	0.04	
15	0.04	
16	0.04	
17	0.04	
18	0.04	
19	0.05	
20	0.06	
21	0.05	
22	0.06	
23	0.06	
24	0.06	
25	0.06	
26	0.07	
27	0.08	
28	0.07	
29	0.07	
30	0.07	
31	0.09	
32	0.08	
33	0.08	
34	0.09	
35	0.09	
36	0.09	
37	0.09	
38	0.10	
39	0.10	
40	0.11	
41	0.11	
42	0.10	
43	0.12	
44	0.11	
45	0.12	
46	0.13	
47	0.13	
48	0.13	
49	0.13	
50	0.14	
51	0.14	
52	0.14	
53	0.15	
54	0.15	
55	0.15	
56	0.15	
57	0.15	
58	0.16	
59	0.16	
60	0.16	
61	0.17	
62	0.17	
63	0.17	
64	0.17	
65	0.17	
66	0.18	
67	0.18	
68	0.18	
69	0.17	
70	0.19	
71	0.19	
72	0.19	
73	0.20	
74	0.21	
75	0.20	
76	0.20	
77	0.22	
78	0.22	
79	0.21	
80	0.23	
81	0.22	
82	0.22	
83	0.24	
84	0.22	
85	0.23	
86	0.24	
87	0.24	
88	0.25	
89	0.24	
90	0.26	
91	0.25	
92	0.26	
93	0.26	
94	0.26	
95	0.27	
96	0.26	
97	0.28	
98	0.27	
99	0.27	
100	0.27	
