1	0.00	
2	0.02	
3	0.02	
4	0.03	
5	0.02	
6	0.02	
7	0.02	
8	0.03	
9	0.01	
10	0.03	
11	0.02	
12	0.03	
13	0.03	
14	0.04	
15	0.04	
16	0.04	
17	0.04	
18	0.05	
19	0.04	
20	0.06	
21	0.05	
22	0.06	
23	0.05	
24	0.07	
25	0.06	
26	0.07	
27	0.07	
28	0.07	
29	0.07	
30	0.08	
31	0.08	
32	0.08	
33	0.08	
34	0.09	
35	0.10	
36	0.09	
37	0.11	
38	0.10	
39	0.10	
40	0.10	
41	0.11	
42	0.11	
43	0.11	
44	0.11	
45	0.13	
46	0.13	
47	0.12	
48	0.13	
49	0.13	
50	0.13	
51	0.14	
52	0.13	
53	0.14	
54	0.14	
55	0.15	
56	0.16	
57	0.16	
58	0.15	
59	0.16	
60	0.16	
61	0.18	
62	0.17	
63	0.17	
64	0.17	
65	0.18	
66	0.18	
67	0.17	
68	0.20	
69	0.19	
70	0.19	
71	0.19	
72	0.20	
73	0.20	
74	0.19	
75	0.21	
76	0.20	
77	0.21	
78	0.22	
79	0.21	
80	0.22	
81	0.22	
82	0.23	
83	0.23	
84	0.23	
85	0.24	
86	0.26	
87	0.26	
88	0.25	
89	0.25	
90	0.27	
91	0.26	
92	0.25	
93	0.26	
94	0.25	
95	0.26	
96	0.26	
97	0.27	
98	0.27	
99	0.27	
100	0.27	
