1	0.00	
2	0.02	
3	0.02	
4	0.02	
5	0.03	
6	0.03	
7	0.01	
8	0.03	
9	0.02	
10	0.02	
11	0.03	
12	0.03	
13	0.03	
14	0.03	
15	0.04	
16	0.05	
17	0.05	
18	0.04	
19	0.05	
20	0.05	
21	0.05	
22	0.06	
23	0.06	
24	0.06	
25	0.07	
26	0.07	
27	0.06	
28	0.08	
29	0.08	
30	0.07	
31	0.09	
32	0.08	
33	0.09	
34	0.09	
35	0.09	
36	0.09	
37	0.10	
38	0.10	
39	0.11	
40	0.11	
41	0.11	
42	0.12	
43	0.12	
44	0.12	
45	0.12	
46	0.12	
47	0.12	
48	0.14	
49	0.13	
50	0.14	
51	0.13	
52	0.14	
53	0.16	
54	0.14	
55	0.15	
56	0.15	
57	0.15	
58	0.15	
59	0.16	
60	0.16	
61	0.16	
62	0.16	
63	0.17	
64	0.18	
65	0.18	
66	0.17	
67	0.19	
68	0.19	
69	0.19	
70	0.19	
71	0.20	
72	0.19	
73	0.20	
74	0.20	
75	0.20	
76	0.21	
77	0.22	
78	0.21	
79	0.22	
80	0.22	
81	0.22	
82	0.23	
83	0.23	
84	0.23	
85	0.22	
86	0.24	
87	0.24	
88	0.24	
89	0.25	
90	0.25	
91	0.26	
92	0.27	
93	0.26	
94	0.27	
95	0.26	
96	0.27	
97	0.27	
98	0.27	
99	0.27	
100	0.28	
